# Created by Octave 9.3.0, Sat Jan 18 15:04:26 2025 GMT <unknown@GTLENOVO03>
# name: trainedNetwork
# type: cell
# rows: 1
# columns: 2
# name: <cell-element>
# type: matrix
# rows: 9
# columns: 4
 8.9668297630883007 2.5526608708633347 -11.069109266999645 1.7455518293379351
 0.16034404637072588 0.83845268742062273 1.216159814835446 0.98479431991305111
 0.60867691350992159 0.73882947231437612 0.74420799822817074 2.058660495666452
 -0.15845587828432472 0.48880313296499195 2.0322777859560386 0.88795885486947812
 -6.500993451147683 -1.1534256628658648 11.272871089990762 -0.17819602241464688
 -8.1682115626114129 -2.0541287622155622 9.4141798387706697 -0.29311039118995391
 -4.3670047240329293 -0.45153234435754963 6.3117591796116601 0.78528348409549698
 6.4182553906468582 2.4167599111161442 -7.8886212498444364 1.4007708699248196
 0.48540055751800537 0.13584119081497192 0.035707950592041016 0.090889930725097656



# name: <cell-element>
# type: matrix
# rows: 2
# columns: 9
 -4.5899163466578043 -0.11518851029135675 -0.32176148571454927 0.11423416015923391 2.8828684028426896 3.4422581357922346 0.88151483921611984 -2.9184122518460449 -0.28566941600279283
 3.477058613646911 -0.48301031730346183 -0.41257818848116212 -0.75907700796375843 -4.6777549408866044 -4.3248686704436503 -2.71310349609699 2.4934805198187733 0.27576682754810405





# name: networkStructure
# type: matrix
# rows: 1
# columns: 3
 3 8 2


# name: nnParams
# type: cell
# rows: 1
# columns: 2
# name: <cell-element>
# type: matrix
# rows: 8
# columns: 4
 8.9668297630883007 2.5526608708633347 -11.069109266999645 1.7455518293379351
 0.16034404637072588 0.83845268742062273 1.216159814835446 0.98479431991305111
 0.60867691350992159 0.73882947231437612 0.74420799822817074 2.058660495666452
 -0.15845587828432472 0.48880313296499195 2.0322777859560386 0.88795885486947812
 -6.500993451147683 -1.1534256628658648 11.272871089990762 -0.17819602241464688
 -8.1682115626114129 -2.0541287622155622 9.4141798387706697 -0.29311039118995391
 -4.3670047240329293 -0.45153234435754963 6.3117591796116601 0.78528348409549698
 6.4182553906468582 2.4167599111161442 -7.8886212498444364 1.4007708699248196



# name: <cell-element>
# type: matrix
# rows: 2
# columns: 9
 -4.5899163466578043 -0.11518851029135675 -0.32176148571454927 0.11423416015923391 2.8828684028426896 3.4422581357922346 0.88151483921611984 -2.9184122518460449 -0.28566941600279283
 3.477058613646911 -0.48301031730346183 -0.41257818848116212 -0.75907700796375843 -4.6777549408866044 -4.3248686704436503 -2.71310349609699 2.4934805198187733 0.27576682754810405





